EbNo(dB) | Uncoded | HammingHDD | HammingMLD | Autoencoder | HammingHDD_closedform
      -2 | 0.42455 | 0.42230 | 0.33510 | 0.35260 | 0.41748
      -1 | 0.35655 | 0.33955 | 0.24895 | 0.26900 | 0.34056
       0 | 0.27950 | 0.26485 | 0.17695 | 0.19415 | 0.26259
       1 | 0.20490 | 0.19015 | 0.11130 | 0.12430 | 0.18846
       2 | 0.14440 | 0.12390 | 0.06535 | 0.07210 | 0.12354
       3 | 0.08790 | 0.07210 | 0.02965 | 0.03770 | 0.07228
       4 | 0.04890 | 0.03725 | 0.01275 | 0.01355 | 0.03671
       5 | 0.02445 | 0.01435 | 0.00329 | 0.00462 | 0.01566
       6 | 0.01015 | 0.00550 | 0.00083 | 0.00118 | 0.00539
       7 | 0.00272 | 0.00139 | 0.00013 | 0.00021 | 0.00142
       8 | 0.00072 | 0.00028 | 0.00001 | 0.00002 | 0.00027

Hamming-HDD Monte Carlo vs closed-form max relative error: 8.35%

Sample counts per Eb/No point (adaptive, min 200 errors or 4000000 samples cap):
  uncoded: [20000, 20000, 20000, 20000, 20000, 20000, 20000, 20000, 20000, 80000, 280000]
  hamming_hdd: [20000, 20000, 20000, 20000, 20000, 20000, 20000, 20000, 40000, 160000, 720000]
  hamming_mld: [20000, 20000, 20000, 20000, 20000, 20000, 20000, 80000, 240000, 1500000, 4000000]
  autoencoder: [20000, 20000, 20000, 20000, 20000, 20000, 20000, 60000, 180000, 980000, 4000000]
